1. 130
2. 82
3. 50
4. 136
5. 168
6. 21
7. 174
8. 85
9. 59
10. 17
11. 63
12. 12
13. 22
14. 51
15. 24
16. 87
17. 130
18. 70
19. 125
20. 47
21. 40
22. 154
23. 144
24. 66
25. 92
26. 106
27. 57
28. 27
29. 2
30. 132
31. 44
32. 103
33. 102
34. 127
35. 18
36. 57
37. 38
38. 31
39. 82
40. 84
41. 6
42. 121
43. 6
44. 97
45. 109
46. 92
47. 106
48. 35
49. 33
50. 10
51. 22
52. 38
53. 88
54. 58
55. 82
56. 103
57. 232
58. 91
59. 4
60. 222
61. 156
62. 77
63. 154
64. 99
65. 118
66. 86
67. 93
68. 158
69. 118
70. 62
71. 5
72. 40
73. 55
74. 75
75. 105
76. 48
77. 92
78. 61
79. 83
80. 18
81. 74
82. 162
83. 3
84. 29
85. 144
86. 84
87. 56
88. 65
89. 114
90. 133
91. 104
92. 140
93. 90
94. 65
95. 120
96. 42
97. 87
98. 44
99. 15
100. 27
